SampleID	Country	Farm	Time	Treatment	Cou_Treat	pH	biomass	WHC	SOC	total_sand	total_silt	total_clay	soil_N	BD	soil_P	WC	VWC
ES1-C-1  	ES	1	T0	C	ES_C	8.77	0	34.3	0.62	50.13788163	28.44247597	21.4196424	0.06	1.71	0.31	7.28	12.4488
ES1-D-2 	ES	1	T0	D	ES_D	8.77	0	35.55	0.62	50.13788163	28.44247597	21.4196424	0.06	1.71	0.31	7.14	12.2094
ES2-C-3  	ES	2	T0	C	ES_C	8.47	0	40.46	0.5	38.93054459	18.62174428	42.44771113	0.06	1.64	0.14	6.72	11.0208
ES2-D-4  	ES	2	T0	D	ES_D	8.47	0	37.15	0.5	38.93054459	18.62174428	42.44771113	0.06	1.64	0.14	7.29	11.9556
ES3-C-5  	ES	3	T0	C	ES_C	8.66	0	37.56	1.91	51.96753935	29.22136089	18.81109976	0.05	1.56	0.32	9.42	14.6952
ES3-D-6  	ES	3	T0	D	ES_D	8.66	0	39.52	1.91	51.96753935	29.22136089	18.81109976	0.05	1.56	0.32	8.4	13.104
ES4-C-7  	ES	4	T0	C	ES_C	8.59	0	41.12	0.65	48.9014173	33.14900848	17.94957422	0.04	1.44	0.36	7.61	10.9584
ES4-D-8  	ES	4	T0	D	ES_D	8.59	0	42.96	0.65	48.9014173	33.14900848	17.94957422	0.04	1.44	0.36	8.13	11.7072
ES5-C-9  	ES	5	T0	C	ES_C	8.65	0	44.85	1.14	41.81685947	35.75081252	22.43232801	0.03	1.28	0.39	9.26	11.8528
ES5-D-10 	ES	5	T0	D	ES_D	8.65	0	44.54	1.14	41.81685947	35.75081252	22.43232801	0.03	1.28	0.39	7.16	9.1648
SE1-C-11 	SE	1	T0	C	SE_C	6.49	0	48.25	1.96	54.11270822	21.29396085	24.59333093	0.21	1.43	0.61	10.06	14.3858
SE1-D-12 	SE	1	T0	D	SE_D	6.49	0	51.17	1.96	54.11270822	21.29396085	24.59333093	0.21	1.43	0.61	9.12	13.0416
SE2-C-13   	SE	2	T0	C	SE_C	5.8	0	50.65	2.33	55.33847045	27.10659245	17.5549371	0.23	1.35	1.25	10.59	14.2965
SE2-D-14  	SE	2	T0	D	SE_D	5.8	0	47.95	2.33	55.33847045	27.10659245	17.5549371	0.23	1.35	1.25	11.25	15.1875
SE3-C-15 	SE	3	T0	C	SE_C	7.87	0	70.44	2.52	47.22773885	41.32265814	11.44960301	0.25	1.35	0.88	19.55	26.3925
SE3-D-16	SE	3	T0	D	SE_D	7.87	0	69.15	2.52	47.22773885	41.32265814	11.44960301	0.25	1.35	0.88	20.46	27.621
SE4-C-17 	SE	4	T0	C	SE_C	7.05	0	52.54	2.58	71.94539279	14.71787855	13.33672866	0.23	1.2	0.79	11.32	13.584
SE4-D-18 	SE	4	T0	D	SE_D	7.05	0	50.49	2.58	71.94539279	14.71787855	13.33672866	0.23	1.2	0.79	11.52	13.824
SE5-C-19 	SE	5	T0	C	SE_C	7.52	0	54.23	2.11	9.180764658	46.77047372	44.04876162	0.21	1.29	0.83	14.6	18.834
SE5-D-20	SE	5	T0	D	SE_D	7.52	0	48.12	2.11	9.180764658	46.77047372	44.04876162	0.21	1.29	0.83	17.72	22.8588
ES1-C-21 	ES	1	T4	C	ES_C	8.77	4.22	34.3	0.62	50.13788163	28.44247597	21.4196424	0.06	1.71	0.31	13.94	23.8374
ES1-D-22	ES	1	T4	D	ES_D	8.77	2.1	35.55	0.62	50.13788163	28.44247597	21.4196424	0.06	1.71	0.31	6.31	10.7901
ES2-C-23 	ES	2	T4	C	ES_C	8.47	2.58	40.46	0.5	38.93054459	18.62174428	42.44771113	0.06	1.64	0.14	17.03	27.9292
ES2-D-24 	ES	2	T4	D	ES_D	8.47	1.19	37.15	0.5	38.93054459	18.62174428	42.44771113	0.06	1.64	0.14	9.27	15.2028
ES3-C-25 	ES	3	T4	C	ES_C	8.66	2.37	37.56	1.91	51.96753935	29.22136089	18.81109976	0.05	1.56	0.32	17.53	27.3468
ES3-D-26 	ES	3	T4	D	ES_D	8.66	0.98	39.52	1.91	51.96753935	29.22136089	18.81109976	0.05	1.56	0.32	7.76	12.1056
ES4-C-27	ES	4	T4	C	ES_C	8.59	3.01	41.12	0.65	48.9014173	33.14900848	17.94957422	0.04	1.44	0.36	16.86	24.2784
ES4-D-28 	ES	4	T4	D	ES_D	8.59	1.84	42.96	0.65	48.9014173	33.14900848	17.94957422	0.04	1.44	0.36	8.01	11.5344
ES5-C-29 	ES	5	T4	C	ES_C	8.65	2.81	44.85	1.14	41.81685947	35.75081252	22.43232801	0.03	1.28	0.39	18.76	24.0128
ES5-D-30 	ES	5	T4	D	ES_D	8.65	2.54	44.54	1.14	41.81685947	35.75081252	22.43232801	0.03	1.28	0.39	9.54	12.2112
SE1-C-31 	SE	1	T4	C	SE_C	6.49	12.07	48.25	1.96	54.11270822	21.29396085	24.59333093	0.21	1.43	0.61	19.35	27.6705
SE1-D-32 	SE	1	T4	D	SE_D	6.49	18.08	51.17	1.96	54.11270822	21.29396085	24.59333093	0.21	1.43	0.61	9.75	13.9425
SE2-C-33 	SE	2	T4	C	SE_C	5.8	8.02	50.65	2.33	55.33847045	27.10659245	17.5549371	0.23	1.35	1.25	22.53	30.4155
SE2-D-34 	SE	2	T4	D	SE_D	5.8	12	47.95	2.33	55.33847045	27.10659245	17.5549371	0.23	1.35	1.25	10.08	13.608
SE3-C-35	SE	3	T4	C	SE_C	7.87	12.43	70.44	2.52	47.22773885	41.32265814	11.44960301	0.25	1.35	0.88	23.37	31.5495
SE3-D-36 	SE	3	T4	D	SE_D	7.87	6.39	69.15	2.52	47.22773885	41.32265814	11.44960301	0.25	1.35	0.88	16.08	21.708
SE4-C-37 	SE	4	T4	C	SE_C	7.05	6.63	52.54	2.58	71.94539279	14.71787855	13.33672866	0.23	1.2	0.79	21.91	26.292
SE4-D-38 	SE	4	T4	D	SE_D	7.05	11.43	50.49	2.58	71.94539279	14.71787855	13.33672866	0.23	1.2	0.79	9.54	11.448
SE5-C-39 	SE	5	T4	C	SE_C	7.52	7.17	54.23	2.11	9.180764658	46.77047372	44.04876162	0.21	1.29	0.83	18.43	23.7747
SE5-D-40	SE	5	T4	D	SE_D	7.52	7.14	48.12	2.11	9.180764658	46.77047372	44.04876162	0.21	1.29	0.83	10.99	14.1771
